<?xml version="1.0"?>
<opencv_storage>
<D1 type_id="opencv-matrix">
  <rows>1</rows>
  <cols>5</cols>
  <dt>d</dt>
  <data>
    -9.6624206681167071e-002 6.3056910182710268e-001 0. 0.
    9.6859840256500817e+001</data></D1>
</opencv_storage>
