<?xml version="1.0"?>
<opencv_storage>
<D2 type_id="opencv-matrix">
  <rows>1</rows>
  <cols>5</cols>
  <dt>d</dt>
  <data>
    -2.2074755028967891e-001 5.9635751209373362e+000 0. 0.
    -1.5215061167824016e+001</data></D2>
</opencv_storage>
