<?xml version="1.0"?>
<opencv_storage>
<M1 type_id="opencv-matrix">
  <rows>3</rows>
  <cols>3</cols>
  <dt>d</dt>
  <data>
    9.3048246886465893e+002 0. 3.0998732581189597e+002 0.
    9.3048246886465893e+002 1.9451815172777984e+002 0. 0. 1.</data></M1>
</opencv_storage>
