<?xml version="1.0"?>
<opencv_storage>
<M2 type_id="opencv-matrix">
  <rows>3</rows>
  <cols>3</cols>
  <dt>d</dt>
  <data>
    9.3048246886465893e+002 0. 3.2635888171665584e+002 0.
    9.3048246886465893e+002 1.7379305539620273e+002 0. 0. 1.</data></M2>
</opencv_storage>
