<?xml version="1.0"?>
<opencv_storage>
<P1 type_id="opencv-matrix">
  <rows>3</rows>
  <cols>4</cols>
  <dt>d</dt>
  <data>
    8.9252408788683749e+002 0. 5.6940669512748718e+002 0. 0.
    8.9252408788683749e+002 2.1123887443542480e+002 0. 0. 0. 1. 0.</data></P1>
</opencv_storage>
