<?xml version="1.0"?>
<opencv_storage>
<P2 type_id="opencv-matrix">
  <rows>3</rows>
  <cols>4</cols>
  <dt>d</dt>
  <data>
    8.9252408788683749e+002 0. 4.8693950653076172e+002
    4.4652114881595744e+003 0. 8.9252408788683749e+002
    2.1123887443542480e+002 0. 0. 0. 1. 0.</data></P2>
</opencv_storage>
