<?xml version="1.0"?>
<opencv_storage>
<Q type_id="opencv-matrix">
  <rows>4</rows>
  <cols>4</cols>
  <dt>d</dt>
  <data>
    1. 0. 0. -5.6940669512748718e+002 0. 1. 0. -2.1123887443542480e+002
    0. 0. 0. 8.9252408788683749e+002 0. 0. -1.9988394508379917e-001
    1.6483866996683179e+001</data></Q>
</opencv_storage>
