<?xml version="1.0"?>
<opencv_storage>
<R1 type_id="opencv-matrix">
  <rows>3</rows>
  <cols>3</cols>
  <dt>d</dt>
  <data>
    9.6756451938648014e-001 -1.3685682452528795e-002
    -2.5225305334171538e-001 1.5656619864328931e-002
    9.9986056058494921e-001 5.8077225463297631e-003
    2.5213839667697119e-001 -9.5687764400571029e-003
    9.6764387428361598e-001</data></R1>
</opencv_storage>
