<?xml version="1.0"?>
<opencv_storage>
<R2 type_id="opencv-matrix">
  <rows>3</rows>
  <cols>3</cols>
  <dt>d</dt>
  <data>
    9.8694572710883055e-001 -2.9831002305778262e-003
    -1.6102556584168873e-001 1.7307490762812714e-003
    9.9996716190332058e-001 -7.9170463338973339e-003
    1.6104389541133390e-001 7.5350002012244382e-003
    9.8691848068759502e-001</data></R2>
</opencv_storage>
