<?xml version="1.0"?>
<opencv_storage>
<D1 type_id="opencv-matrix">
  <rows>1</rows>
  <cols>5</cols>
  <dt>d</dt>
  <data>
    -2.6730715368812086e-001 4.8484976617161557e+000 0. 0.
    3.2473540851420273e+000</data></D1>
</opencv_storage>
