<?xml version="1.0"?>
<opencv_storage>
<D2 type_id="opencv-matrix">
  <rows>1</rows>
  <cols>5</cols>
  <dt>d</dt>
  <data>
    -1.7637323344150566e-001 4.7045382592526659e+000 0. 0.
    5.4568458146389700e+000</data></D2>
</opencv_storage>
