<?xml version="1.0"?>
<opencv_storage>
<M1 type_id="opencv-matrix">
  <rows>3</rows>
  <cols>3</cols>
  <dt>d</dt>
  <data>
    9.3673857289015359e+002 0. 3.2237709453228115e+002 0.
    9.3673857289015359e+002 1.8792326243579586e+002 0. 0. 1.</data></M1>
</opencv_storage>
