<?xml version="1.0"?>
<opencv_storage>
<M2 type_id="opencv-matrix">
  <rows>3</rows>
  <cols>3</cols>
  <dt>d</dt>
  <data>
    9.3673857289015359e+002 0. 3.0566091021596714e+002 0.
    9.3673857289015359e+002 2.1371248816903577e+002 0. 0. 1.</data></M2>
</opencv_storage>
