<?xml version="1.0"?>
<opencv_storage>
<P1 type_id="opencv-matrix">
  <rows>3</rows>
  <cols>4</cols>
  <dt>d</dt>
  <data>
    8.9108106947578881e+002 0. 4.7174930953979492e+002 0. 0.
    8.9108106947578881e+002 2.1114073562622070e+002 0. 0. 0. 1. 0.</data></P1>
</opencv_storage>
