<?xml version="1.0"?>
<opencv_storage>
<P2 type_id="opencv-matrix">
  <rows>3</rows>
  <cols>4</cols>
  <dt>d</dt>
  <data>
    8.9108106947578881e+002 0. 5.3744962692260742e+002
    -4.7268517670684878e+003 0. 8.9108106947578881e+002
    2.1114073562622070e+002 0. 0. 0. 1. 0.</data></P2>
</opencv_storage>
