<?xml version="1.0"?>
<opencv_storage>
<Q type_id="opencv-matrix">
  <rows>4</rows>
  <cols>4</cols>
  <dt>d</dt>
  <data>
    1. 0. 0. -4.7174930953979492e+002 0. 1. 0. -2.1114073562622070e+002
    0. 0. 0. 8.9108106947578881e+002 0. 0. 1.8851470564062600e-001
    1.2385475991916602e+001</data></Q>
</opencv_storage>
