<?xml version="1.0"?>
<opencv_storage>
<R1 type_id="opencv-matrix">
  <rows>3</rows>
  <cols>3</cols>
  <dt>d</dt>
  <data>
    9.8844585822678654e-001 -1.4051605199869149e-002
    -1.5092162782589624e-001 1.2358791582858837e-002
    9.9984982364059960e-001 -1.2148680441657537e-002
    1.5106967142654010e-001 1.0143103921831131e-002
    9.8847107788640343e-001</data></R1>
</opencv_storage>
