<?xml version="1.0"?>
<opencv_storage>
<R2 type_id="opencv-matrix">
  <rows>3</rows>
  <cols>3</cols>
  <dt>d</dt>
  <data>
    9.7391141873799436e-001 -2.3808958801199782e-002
    -2.2567605529286858e-001 2.6346725504218328e-002
    9.9961890650476048e-001 8.2396488658419906e-003
    2.2539387415578194e-001 -1.3970513198511073e-002
    9.7416755553345025e-001</data></R2>
</opencv_storage>
